{
  "advancedEditorSelectedIdentifier" : "ProjectBrowser",
  "openSceneRelativePaths" : [

  ],
  "recentIdentifiers" : {

  },
  "sceneCameraHistory" : {
    "B2A30AE8-5BC5-4BA4-9EDD-E31B8BA847FA" : [
      {
        "date" : 709806081.90441096,
        "title" : "Untitled",
        "transform" : [
          0.99998939037322998,
          0,
          0.0045928787440061569,
          0,
          0.0022964393720030785,
          0.86602538824081421,
          -0.49999469518661499,
          0,
          -0.0039775497280061245,
          0.49999994039535522,
          0.8660162091255188,
          0,
          -0.0069822981022298336,
          0.87771338224411011,
          1.5202281475067139,
          1
        ]
      },
      {
        "date" : 709806077.70058298,
        "title" : "Untitled",
        "transform" : [
          0.99998939037322998,
          0,
          0.0045928787440061569,
          0,
          0.0022964393720030785,
          0.86602538824081421,
          -0.49999469518661499,
          0,
          -0.0039775497280061245,
          0.49999994039535522,
          0.8660162091255188,
          0,
          -0.0036657168529927731,
          0.46080082654953003,
          0.79812204837799072,
          1
        ]
      },
      {
        "date" : 709806073.65840006,
        "title" : "Untitled",
        "transform" : [
          0.99998939037322998,
          0,
          0.0045928787440061569,
          0,
          0.0022964393720030785,
          0.86602538824081421,
          -0.49999469518661499,
          0,
          -0.0039775497280061245,
          0.49999994039535522,
          0.8660162091255188,
          0,
          -0.003174155717715621,
          0.39900889992713928,
          0.69109636545181274,
          1
        ]
      },
      {
        "date" : 709806069.42494094,
        "title" : "Untitled",
        "transform" : [
          0.99998939037322998,
          0,
          0.0045928787440061569,
          0,
          0.0022964393720030785,
          0.86602532863616943,
          -0.4999946653842926,
          0,
          -0.0039775497280061245,
          0.49999994039535522,
          0.8660162091255188,
          0,
          -0.016021467745304108,
          2.0139868259429932,
          3.4882907867431641,
          1
        ]
      },
      {
        "date" : 709806062.68622696,
        "title" : "Untitled",
        "transform" : [
          0.99999994039535522,
          0,
          -0,
          0,
          -0,
          0.86602532863616943,
          -0.49999994039535522,
          0,
          0,
          0.49999994039535522,
          0.86602532863616943,
          0,
          0,
          0.27093717455863953,
          0.46927696466445923,
          1
        ]
      }
    ],
    "C01033EC-D1DB-46A6-9C36-2BBC062597AD" : [
      {
        "date" : 709806406.56068397,
        "title" : "Untitled",
        "transform" : [
          0.97099751234054565,
          0,
          0.23908938467502594,
          0,
          0.18361818790435791,
          0.64046216011047363,
          -0.74571603536605835,
          0,
          -0.15312771499156952,
          0.7679896354675293,
          0.62188714742660522,
          0,
          -0.28643733263015747,
          1.3748574256896973,
          1.214735746383667,
          1
        ]
      },
      {
        "date" : 709806400.59103,
        "title" : "Untitled",
        "transform" : [
          0.97099751234054565,
          0,
          0.23908938467502594,
          0,
          0.18361818790435791,
          0.64046216011047363,
          -0.74571603536605835,
          0,
          -0.15312771499156952,
          0.76798957586288452,
          0.62188714742660522,
          0,
          -0.28407743573188782,
          1.4247486591339111,
          1.1537044048309326,
          1
        ]
      },
      {
        "date" : 709806398.54262698,
        "title" : "Untitled",
        "transform" : [
          0.99999994039535522,
          0,
          0,
          0,
          0,
          0.86602544784545898,
          -0.5,
          0,
          0,
          0.5,
          0.86602544784545898,
          0,
          0,
          0.92758315801620483,
          1.606621265411377,
          1
        ]
      },
      {
        "date" : 709806395.76850104,
        "title" : "Untitled",
        "transform" : [
          0.99999994039535522,
          0,
          0,
          0,
          0,
          0.86602532863616943,
          -0.49999994039535522,
          0,
          0,
          0.49999994039535522,
          0.86602532863616943,
          0,
          0,
          2.3439838886260986,
          4.0598993301391602,
          1
        ]
      },
      {
        "date" : 709806388.43075395,
        "title" : "Untitled",
        "transform" : [
          0.99999994039535522,
          0,
          -0,
          0,
          -0,
          0.86602532863616943,
          -0.49999994039535522,
          0,
          0,
          0.49999994039535522,
          0.86602532863616943,
          0,
          0,
          0.27093717455863953,
          0.46927696466445923,
          1
        ]
      }
    ]
  }
}